-0.325	-0.023	0.190	-0.715	-0.276	0.145	
-0.325	-0.023	0.190	-0.715	-0.276	0.145	
-0.325	-0.023	0.190	-0.715	-0.276	0.145	
-0.325	-0.023	0.190	-0.715	-0.276	0.145	
-0.325	-0.023	0.190	-0.715	-0.276	0.145	
-0.325	-0.023	0.190	-0.715	-0.276	0.145	
-0.325	-0.023	0.190	-0.715	-0.276	0.145	
-0.325	-0.023	0.190	-0.715	-0.276	0.145	
-0.325	-0.023	0.190	-0.715	-0.276	0.145	
-0.325	-0.023	0.190	-0.715	-0.276	0.145	
-0.325	-0.023	0.190	-0.715	-0.276	0.145	
-0.325	-0.023	0.190	-0.715	-0.276	0.145	
-0.325	-0.023	0.190	-0.715	-0.276	0.145	
-0.325	-0.023	0.190	-0.715	-0.276	0.145	
-0.325	-0.023	0.190	-0.715	-0.276	0.145	
-0.325	-0.023	0.190	-0.715	-0.276	0.145	
-0.325	-0.023	0.190	-0.715	-0.276	0.145	
-0.325	-0.023	0.190	-0.715	-0.276	0.145	
-0.325	-0.023	0.190	-0.715	-0.276	0.145	
-0.325	-0.023	0.190	-0.715	-0.276	0.145	
-0.325	-0.023	0.190	-0.715	-0.276	0.145	
-0.325	-0.023	0.190	-0.715	-0.276	0.145	
-0.325	-0.023	0.190	-0.715	-0.276	0.145	
-0.325	-0.023	0.190	-0.715	-0.276	0.145	
-0.325	-0.023	0.190	-0.715	-0.276	0.145	
-0.325	-0.023	0.190	-0.715	-0.276	0.145	
-0.325	-0.023	0.190	-0.715	-0.276	0.145	
-0.325	-0.023	0.190	-0.715	-0.276	0.145	
-0.325	-0.023	0.190	-0.715	-0.276	0.145	
-0.325	-0.023	0.190	-0.715	-0.276	0.145	
-0.274	-0.058	0.215	-0.766	-0.288	0.187	
-0.274	-0.058	0.215	-0.766	-0.288	0.187	
-0.274	-0.058	0.215	-0.766	-0.288	0.187	
-0.274	-0.058	0.215	-0.766	-0.288	0.187	
-0.274	-0.058	0.215	-0.766	-0.288	0.187	
-0.274	-0.058	0.215	-0.766	-0.288	0.187	
-0.274	-0.058	0.215	-0.766	-0.288	0.187	
-0.274	-0.058	0.215	-0.766	-0.288	0.187	
-0.274	-0.058	0.215	-0.766	-0.288	0.187	
-0.274	-0.058	0.215	-0.766	-0.288	0.187	
-0.274	-0.058	0.215	-0.766	-0.288	0.187	
-0.274	-0.058	0.215	-0.766	-0.288	0.187	
-0.274	-0.058	0.215	-0.766	-0.288	0.187	
-0.274	-0.058	0.215	-0.766	-0.288	0.187	
-0.274	-0.058	0.215	-0.766	-0.288	0.187	
-0.274	-0.058	0.215	-0.766	-0.288	0.187	
-0.274	-0.058	0.215	-0.766	-0.288	0.187	
-0.274	-0.058	0.215	-0.766	-0.288	0.187	
-0.274	-0.058	0.215	-0.766	-0.288	0.187	
-0.274	-0.058	0.215	-0.766	-0.288	0.187	
-0.274	-0.058	0.215	-0.766	-0.288	0.187	
-0.274	-0.058	0.215	-0.766	-0.288	0.187	
-0.274	-0.058	0.215	-0.766	-0.288	0.187	
-0.274	-0.058	0.215	-0.766	-0.288	0.187	
-0.274	-0.058	0.215	-0.766	-0.288	0.187	
-0.274	-0.058	0.215	-0.766	-0.288	0.187	
-0.274	-0.058	0.215	-0.766	-0.288	0.187	
-0.274	-0.058	0.215	-0.766	-0.288	0.187	
-0.274	-0.058	0.215	-0.766	-0.288	0.187	
-0.274	-0.058	0.215	-0.766	-0.288	0.187	
-0.337	0.008	0.235	-0.797	-0.341	0.158	
-0.337	0.008	0.235	-0.797	-0.341	0.158	
-0.337	0.008	0.235	-0.797	-0.341	0.158	
-0.337	0.008	0.235	-0.797	-0.341	0.158	
-0.337	0.008	0.235	-0.797	-0.341	0.158	
-0.337	0.008	0.235	-0.797	-0.341	0.158	
-0.337	0.008	0.235	-0.797	-0.341	0.158	
-0.337	0.008	0.235	-0.797	-0.341	0.158	
-0.337	0.008	0.235	-0.797	-0.341	0.158	
-0.337	0.008	0.235	-0.797	-0.341	0.158	
-0.337	0.008	0.235	-0.797	-0.341	0.158	
-0.337	0.008	0.235	-0.797	-0.341	0.158	
-0.337	0.008	0.235	-0.797	-0.341	0.158	
-0.337	0.008	0.235	-0.797	-0.341	0.158	
-0.337	0.008	0.235	-0.797	-0.341	0.158	
-0.337	0.008	0.235	-0.797	-0.341	0.158	
-0.337	0.008	0.235	-0.797	-0.341	0.158	
-0.337	0.008	0.235	-0.797	-0.341	0.158	
-0.337	0.008	0.235	-0.797	-0.341	0.158	
-0.337	0.008	0.235	-0.797	-0.341	0.158	
-0.337	0.008	0.235	-0.797	-0.341	0.158	
-0.337	0.008	0.235	-0.797	-0.341	0.158	
-0.337	0.008	0.235	-0.797	-0.341	0.158	
-0.337	0.008	0.235	-0.797	-0.341	0.158	
-0.337	0.008	0.235	-0.797	-0.341	0.158	
-0.337	0.008	0.235	-0.797	-0.341	0.158	
-0.337	0.008	0.235	-0.797	-0.341	0.158	
-0.337	0.008	0.235	-0.797	-0.341	0.158	
-0.337	0.008	0.235	-0.797	-0.341	0.158	
-0.337	0.008	0.235	-0.797	-0.341	0.158	
-0.325	-0.023	0.190	-0.715	-0.276	
-0.274	-0.058	0.215	-0.766	-0.288	
-0.337	0.008	0.235	-0.797	-0.341	
